260
230
344
186
376
488
82
422
98
200
98
428
478
274
118
336
280
86
400
276
168
384
32
126
302
408
266
98
256
474
312
328
436
62
58
90
52
436
338
258
380
248
486
310
492
110
480
384
34
36
390
390
166
346
216
426
458
106
320
60
468
294
212
100
334
468
368
250
258
442
494
162
244
94
2
284
336
230
254
78
72
236
334
6
408
428
400
192
476
252
400
22
404
204
134
406
326
4
318
72
46
224
206
374
454
396
18
408
318
98
176
68
476
300
236
348
436
292
324
454
448
166
58
254
112
162
2
460
78
86
98
428
182
160
472
472
464
116
328
344
292
166
248
316
326
430
304
306
366
498
350
404
420
168
292
30
172
484
134
402
36
200
60
290
82
250
46
302
386
290
48
238
422
112
496
494
436
76
366
204
10
380
278
368
22
486
170
360
118
476
116
122
282
452
302
382
154
456
52
40
66
288
116
414
472
416
260
334
54
214
10
198
74
152
310
228
338
12
140
110
414
202
400
402
212
362
46
34
492
448
298
22
18
314
150
430
274
192
394
220
142
96
486
112
2
380
204
142
120
162
292
2
232
248
472
262
364
356
204
132
156
302
56
386
162
192
442
434
244
56
188
308
66
254
64
174
210
332
278
386
122
258
480
140
118
406
480
26
266
104
282
60
414
302
20
86
114
84
142
120
280
392
152
236
182
128
70
164
398
64
76
120
464
270
242
246
300
134
466
218
276
424
354
34
176
218
170
32
364
442
176
166
222
220
126
330
464
350
436
134
338
78
448
34
472
156
414
64
398
308
438
160
8
24
422
338
94
26
60
150
60
146
478
214
24
80
236
254
354
200
84
68
312
110
450
50
120
488
286
276
214
380
240
184
486
376
324
140
86
342
282
344
378
186
266
38
252
256
190
294
294
434
468
104
50
460
170
102
60
90
98
430
320
374
4
62
186
178
262
326
486
204
142
330
12
32
242
468
422
70
478
410
228
156
466
196
396
208
292
158
86
278
106
198
76
250
290
224
176
100
336
68
228
342
160
292
286
52
98
32
250
434
30
138
212
260
94
494
280
466
268
298
24
384
410
404
488
440
288
246
268
12
470
258
356
86
340
370
124
446
228
292
176
494
330
348
354
92
164
416
196
458
390
122
74
128
282
82
424
124
212
398
72
136
474
270
52
392
418
286
240
82
282
56
278
148
184
354
490
68
474
232
310
288
356
62
28
416
482
486
356
336
346
384
316
264
38
248
462
462
92
70
410
470
282
244
166
56
446
234
264
260
344
268
36
62
12
78
14
26
486
146
498
302
4
378
30
58
2
86
214
70
96
34
220
322
384
334
274
58
298
284
192
488
256
336
22
432
266
170
174
400
100
212
8
274
88
98
58
494
42
396
468
54
118
32
316
264
482
68
286
46
108
372
358
166
152
486
438
354
66
410
110
176
208
80
54
64
110
400
360
176
96
308
244
66
430
20
354
80
256
52
370
408
370
382
126
62
438
200
292
396
450
232
140
168
146
394
198
244
74
132
332
498
438
476
260
34
298
418
464
342
180
342
6
384
488
230
282
320
496
370
268
484
212
288
86
436
180
394
450
70
124
2
134
188
452
202
172
372
74
458
444
256
250
416
132
346
420
126
116
162
10
38
274
132
322
448
448
90
322
76
174
10
342
462
302
184
200
212
446
296
284
314
30
160
302
70
236
160
350
98
120
472
324
440
340
326
356
306
242
288
210
58
404
312
26
88
284
422
454
102
136
76
166
416
140
40
422
188
26
224
50
296
410
294
136
256
322
320
468
278
232
92
174
322
186
178
72
408
352
24
310
388
458
276
374
280
34
60
14
68
444
376
26
20
48
52
104
236
16
390
356
374
448
250
218
374
266
304
20
384
420
334
198
38
156
154
122
436
226
82
498
158
84
172
462
404
454
336
296
130
292
44
482
252
98
246
474
212
460
252
480
26
164
490
82
438
434
460
270
396
490
358
374
92
162
220
312
410
40
166
182
196
356
458
274
328
66
172
384
184
386
436
142
58
470
470
80
496
126
134
308
356
214
460
154
106
288
100
462
358
76
350
204
72
394
292
480
6
192
334
360
78
356
48
448
328
232
224
312
206
126
262
76
198
174
228
24
342
380
190
262
130
366
34
464
22
132
478
72
100
396
10
488
114
194
388
92
336
348
252
368
226
400
116
162
184
280
176
158
470
26
96
250
142
306
360
58
286
286
376
242
322
486
474
206
358
416
164
344
226
310
64
20
458
28
24
312
90
408
432
238
400
302
416
64
458
242
332
22
332
386
382
220
192
328
200
4
328
412
470
222
148
244
164
26
194
202
208
372
334
238
86
280
456
458
300
376
30
320
308
356
44
48
394
62
374
484
62
450
180
62
72
432
246
2
322
188
160
222
66
72
452
112
282
182
92
352
382
12
66
360
68
380
30
372
32
456
106
238
478
418
482
382
404
74
36
242
62
212
330
322
264
190
112
28
178
226
158
494
258
360
224
348
226
84
328
290
492
478
446
360
294
160
86
240
368
416
304
36
102
238
448
208
388
496
74
18
226
362
6
464
54
454
246
444
186
244
170
490
16
226
228
86
340
158
222
308
212
96
182
486
354
432
104
474
6
422
346
6
360
6
452
112
362
368
492
50
148
478
168
378
430
494
6
70
142
16
394
92
64
174
134
198
156
12
206
238
380
456
316
146
190
208
472
272
192
276
116
282
168
362
168
288
388
246
152
432
418
292
216
306
302
426
238
280
422
160
50
410
94
480
38
424
412
384
150
196
440
102
404
118
130
152
112
464
104
112
18
404
488
60
374
324
418
386
112
34
326
44
314
336
112
250
160
360
192
488
206
42
226
410
418
38
84
306
360
248
430
466
86
12
154
210
410
250
460
22
30
310
70
144
90
264
330
398
24
276
398
374
414
468
472
476
6
218
424
396
392
326
62
262
206
338
456
304
90
138
62
224
118
260
166
224
272
206
140
424
86
268
142
28
162
470
462
294
168
12
2
496
350
210
270
354
320
358
156
332
228
152
438
322
394
158
212
382
154
20
436
22
118
302
192
70
6
364
360
218
114
242
482
240
38
202
330
198
214
304
100
232
410
16
256
166
430
340
450
380
334
402
32
446
148
278
12
358
190
148
454
82
188
336
332
160
358
16
182
120
306
340
14
370
288
102
202
214
292
472
114
312
296
436
134
240
358
416
242
410
498
298
406
364
472
48
96
364
288
228
84
76
104
320
330
342
404
114
486
342
352
456
220
400
448
216
488
108
40
50
54
432
402
4
82
414
32
142
330
346
228
406
294
274
324
446
38
426
4
90
82
78
104
468
288
88
188
422
482
160
44
224
306
56
364
336
194
356
108
468
32
322
370
36
496
262
216
284
494
480
34
122
436
468
252
394
416
158
476
150
338
352
74
350
4
308
394
374
248
136
378
318
126
224
148
162
228
132
388
342
450
60
70
352
242
446
284
380
342
302
366
238
164
396
464
106
362
204
404
250
314
430
84
298
446
230
426
56
222
156
98
34
62
32
362
438
4
314
394
120
324
322
232
348
70
174
110
362
426
158
382
278
18
80
196
448
218
468
450
212
316
380
170
174
20
206
374
388
108
88
90
364
448
102
244
386
396
286
102
104
280
318
176
288
28
462
346
300
144
466
124
26
406
488
374
476
68
218
130
410
204
274
340
234
416
112
284
236
424
200
310
266
104
4
312
272
156
338
104
330
4
184
272
318
268
64
298
290
22
106
416
450
266
138
252
468
376
370
362
354
360
188
220
200
338
106
358
230
184
26
146
82
106
372
356
20
330
376
214
410
122
68
70
38
76
210
80
262
306
84
474
308
346
156
356
452
368
212
394
374
496
170
236
424
228
210
382
418
300
28
330
274
410
438
220
12
2
490
358
134
122
250
146
190
56
62
208
108
294
58
176
126
272
298
82
104
130
498
42
378
74
312
132
262
254
70
456
158
364
122
380
172
346
206
54
326
200
118
424
326
374
102
204
218
392
76
264
334
468
280
166
352
180
360
478
274
406
104
70
210
214
494
78
370
200
68
16
48
388
226
282
358
350
246
50
104
186
246
338
378
358
406
434
336
438
398
164
282
396
18
288
276
216
4
80
274
482
428
148
396
246
312
134
240
94
224
50
174
206
120
374
480
120
372
110
376
104
440
438
198
286
270
52
486
224
466
258
290
408
266
338
362
286
218
416
248
476
114
356
46
222
82
456
404
88
146
216
64
362
10
104
168
286
78
302
138
66
36
194
380
336
450
306
274
432
322
344
48
196
174
360
388
276
346
76
58
92
336
316
234
258
242
368
94
442
272
60
264
432
172
52
30
178
130
18
272
198
310
304
242
258
290
336
148
90
456
96
274
10
202
396
30
322
468
160
484
42
18
40
332
278
384
350
192
164
284
324
356
140
180
452
184
434
150
372
260
338
420
404
462
220
478
362
272
232
454
484
346
90
242
496
240
360
286
222
246
370
398
238
156
206
354
168
86
476
148
404
438
48
66
440
454
298
228
288
164
414
322
12
74
404
318
156
320
92
390
218
50
258
466
188
456
436
12
394
58
294
294
224
496
22
458
86
254
252
376
130
68
108
132
196
68
124
202
390
214
480
244
284
126
492
460
412
100
400
438
128
102
270
342
490
74
262
150
324
212
302
368
416
146
224
344
122
284
342
50
210
294
326
192
58
346
148
104
112
280
350
426
404
482
268
486
370
186
92
160
274
192
246
16
36
346
496
84
480
244
454
172
144
158
490
418
346
92
16
472
386
30
158
242
52
182
340
18
332
24
188
330
330
368
262
216
174
162
76
410
280
106
406
420
282
284
212
152
34
470
66
350
476
232
262
458
470
294
482
400
384
70
382
10
28
280
266
164
74
234
420
2
12
110
206
278
254
486
274
386
296
278
458
320
416
210
256
428
416
74
304
138
86
466
468
462
172
44
118
394
456
300
48
388
424
150
360
320
98
386
430
178
448
116
62
92
212
432
210
96
78
184
386
436
458
320
440
198
30
304
382
204
278
280
82
64
356
188
122
8
266
302
310
6
414
430
138
270
354
460
414
38
82
262
16
290
222
318
14
218
90
170
478
202
26
116
344
374
368
132
64
298
462
460
178
26
476
100
36
256
260
184
322
28
144
268
450
122
420
202
352
344
46
208
412
422
254
66
422
416
328
82
62
104
430
326
464
188
176
496
398
50
412
188
246
432
240
204
134
50
120
314
296
216
14
6
64
34
48
306
150
36
160
40
20
468
452
178
466
126
252
468
36
480
484
354
134
468
50
202
172
174
312
302
144
398
368
422
170
252
320
74
286
476
240
142
72
46
324
42
264
70
442
264
404
338
376
316
256
100
196
78
122
126
174
274
232
480
260
374
496
14
14
28
36
172
438
34
358
96
402
170
452
28
334
478
342
132
294
174
328
356
256
108
170
110
302
268
122
14
36
10
342
314
266
446
418
334
214
124
78
212
294
426
240
198
486
8
228
48
480
310
312
448
128
316
444
364
130
188
288
240
464
446
360
376
226
362
4
456
84
158
228
356
180
56
16
412
10
156
8
192
48
96
402
96
172
18
144
82
196
368
472
124
280
156
376
138
108
328
318
312
244
88
442
86
380
140
324
68
42
256
110
262
202
166
430
228
364
14
288
338
282
384
314
190
44
206
8
324
140
448
28
146
78
278
294
58
330
38
230
212
98
294
162
494
428
266
396
346
244
310
326
214
74
440
432
210
154
188
202
28
352
268
326
148
2
170
330
228
456
294
336
220
72
92
114
428
80
28
174
348
366
474
308
250
486
70
134
254
454
210
20
316
254
242
54
116
484
382
304
156
418
410
190
112
228
420
234
36
320
124
418
192
316
296
356
404
66
278
492
234
100
26
10
480
306
314
8
226
80
6
234
122
448
156
218
114
258
96
58
32
108
380
134
360
76
340
488
116
314
446
352
162
244
2
206
378
366
400
130
130
330
290
452
94
158
428
322
70
482
208
366
228
30
146
186
438
110
362
158
308
426
410
298
368
366
248
150
248
312
330
350
224
2
302
256
280
208
350
318
16
198
310
490
4
204
366
396
462
432
166
440
278
256
152
90
282
82
168
4
486
164
94
138
16
440
402
318
462
174
214
450
396
250
88
256
316
362
368
86
72
88
420
46
224
398
64
52
282
70
320
404
34
418
88
438
334
60
180
274
138
218
120
70
230
360
126
440
240
356
464
332
330
302
450
314
272
200
326
474
158
122
418
176
494
178
494
78
468
480
224
466
328
160
192
364
176
188
284
166
400
470
288
268
156
286
218
342
440
472
498
106
56
122
446
210
208
206
274
346
200
346
314
370
152
442
426
182
254
212
12
218
326
394
234
374
176
182
404
266
20
70
278
98
384
322
154
458
386
52
478
146
98
392
126
136
2
220
164
80
22
350
238
220
256
340
146
286
264
190
166
392
88
70
6
238
94
234
228
56
456
354
36
92
52
350
152
30
366
50
232
318
384
178
242
104
38
336
292
398
102
92
396
24
344
296
206
170
158
284
302
108
54
462
246
180
78
62
10
240
472
292
334
38
404
294
24
398
60
404
412
22
362
122
424
32
334
214
178
432
98
464
420
90
62
60
294
284
312
498
230
418
334
24
402
426
468
342
426
288
352
414
214
324
474
308
104
50
214
124
332
88
178
484
264
12
446
296
152
198
230
274
496
156
196
76
420
314
208
76
130
330
372
468
412
454
208
64
232
484
116
460
16
340
230
376
420
420
30
332
454
268
480
410
24
18
150
102
362
86
466
366
78
4
78
102
60
192
208
256
354
86
36
444
470
270
150
208
200
430
56
300
26
116
12
22
484
432
300
476
350
410
422
78
254
176
28
204
378
36
426
264
20
274
218
326
478
270
292
158
280
380
44
6
370
492
274
108
2
234
372
412
174
98
372
404
464
202
82
136
290
32
338
404
462
374
16
384
110
166
200
308
204
346
410
240
256
208
332
284
252
486
170
394
464
354
78
182
212
394
474
60
438
328
112
278
188
120
136
388
248
92
14
70
178
202
444
42
200
38
12
248
144
314
278
318
448
66
418
74
332
306
30
480
166
234
130
492
14
52
162
242
312
164
70
158
242
218
306
242
140
490
122
418
70
394
326
496
350
266
300
466
116
482
170
84
212
384
210
376
386
128
476
424
336
326
458
64
294
312
30
282
310
480
70
350
438
4
390
56
112
466
70
310
462
380
302
120
126
164
334
400
280
208
236
136
268
412
318
348
322
312
406
406
208
194
104
452
334
178
254
464
244
114
188
286
304
490
12
356
428
70
8
238
298
8
438
152
184
470
390
210
186
192
58
132
68
288
88
162
24
386
298
50
348
254
130
310
458
284
476
102
170
274
474
26
224
72
486
12
298
110
264
154
374
292
224
468
20
422
166
160
302
192
258
494
372
434
6
82
158
390
280
444
212
478
372
342
404
130
98
234
82
24
32
390
160
330
482
52
146
322
462
170
78
358
362
246
260
100
234
194
188
140
4
222
398
84
284
352
376
270
426
18
488
304
108
228
186
142
428
164
328
182
222
288
294
138
38
366
316
270
288
300
250
150
8
352
200
170
182
350
440
424
306
218
328
30
178
236
334
256
4
338
164
196
286
128
342
306
158
88
158
330
496
262
128
14
4
280
110
134
140
242
294
272
126
438
136
444
64
312
478
172
216
290
298
478
260
266
158
96
46
126
434
84
276
472
148
142
272
46
116
180
134
458
184
400
188
414
274
32
414
224
166
276
348
166
428
490
124
442
28
84
388
48
298
430
402
442
404
48
492
38
410
206
14
138
258
212
456
198
362
162
186
172
230
480
96
276
252
474
272
150
178
136
78
360
244
70
86
352
298
446
408
124
432
110
488
268
300
434
490
492
164
446
306
450
348
494
36
250
80
466
380
194
406
24
478
146
316
18
28
418
464
138
46
454
242
46
356
374
300
102
182
96
438
408
320
308
112
48
60
102
414
396
290
220
354
70
42
112
24
8
264
56
172
158
298
430
270
40
248
276
38
352
196
498
400
358
394
102
364
424
44
436
36
166
28
68
120
472
458
32
96
118
36
390
414
32
174
354
328
380
478
92
98
470
44
102
416
324
496
306
460
312
298
48
28
90
52
326
116
270
6
174
390
82
256
120
430
144
210
90
412
128
46
198
2
182
370
20
294
416
380
258
26
36
392
110
428
420
44
366
262
8
236
436
416
416
86
128
280
308
332
50
444
266
378
322
34
280
336
310
98
468
476
384
134
270
22
222
120
156
486
212
340
334
300
494
310
164
402
190
464
484
412
462
454
46
496
474
142
58
186
422
348
210
472
396
274
416
146
306
236
194
232
336
482
438
184
288
48
42
238
22
190
382
174
180
238
444
236
10
88
170
466
344
142
136
14
416
228
46
102
132
92
8
262
50
44
386
330
198
348
296
386
476
238
186
392
12
270
212
460
42
120
450
478
36
456
444
174
490
262
480
328
12
42
476
426
72
4
90
110
108
190
102
340
156
154
406
40
146
310
256
322
140
132
252
230
224
354
472
300
292
396
130
172
206
170
280
438
318
442
148
142
176
350
12
134
8
72
434
386
208
346
218
108
78
222
156
482
218
4
290
336
22
474
36
342
330
328
314
416
316
326
434
142
232
364
438
438
134
188
28
430
374
182
122
124
326
490
480
56
350
66
226
48
298
272
34
356
248
8
462
358
458
192
252
336
476
118
88
122
228
430
278
480
330
260
418
410
124
332
228
172
174
444
130
194
270
412
196
444
270
484
36
354
70
354
388
106
492
6
122
472
474
280
306
136
378
84
304
434
352
380
224
334
220
266
78
266
108
96
258
378
30
66
376
8
214
112
148
324
72
494
138
244
430
374
306
62
424
412
298
462
436
42
28
212
172
158
406
188
260
280
364
164
156
92
162
260
426
190
292
26
158
400
224
204
336
458
328
236
488
468
28
432
236
52
432
494
110
412
252
412
92
406
42
80
280
56
124
68
370
410
154
126
80
376
422
446
492
230
196
496
322
348
404
346
376
404
368
478
244
128
398
114
236
224
2
2
48
270
354
458
424
128
54
452
142
108
48
408
146
112
172
446
294
462
234
22
142
108
166
432
362
238
456
80
344
456
92
254
42
4
412
240
416
260
132
228
114
316
118
158
186
272
284
50
234
44
332
452
276
118
18
254
86
298
70
464
40
40
106
70
160
428
206
132
60
394
140
178
490
374
222
382
20
296
380
158
82
354
318
126
82
418
238
240
398
194
444
334
52
62
232
234
118
20
492
428
150
144
36
306
234
462
130
52
138
214
322
176
32
94
38
332
212
174
404
28
326
324
14
158
266
180
330
402
454
30
220
50
10
112
72
54
172
394
306
76
382
492
102
12
116
418
400
320
30
348
4
222
358
476
340
450
222
176
98
134
182
52
104
388
160
478
256
482
302
316
386
312
254
336
482
24
104
346
166
484
166
342
476
46
266
90
298
130
394
486
100
172
76
230
218
414
442
166
334
164
382
302
274
366
422
254
126
320
190
268
56
426
102
26
158
94
498
338
128
194
374
482
64
424
496
340
140
428
320
206
100
94
6
458
338
140
312
454
348
302
442
182
282
374
6
286
74
444
268
454
446
444
200
58
486
44
310
376
324
342
326
84
124
370
56
402
136
274
454
444
208
238
70
384
82
252
288
4
306
32
24
234
70
498
198
14
318
222
346
386
24
112
272
212
394
418
238
286
290
64
282
396
120
450
366
288
50
404
190
226
180
314
332
158
212
294
3